2188232
8301448
159912
2538693
2369321
490219
177784
29942
67388
341433
170125
84644
21848
37062
141206
1565632
1980643
21848
3869665
1014350
60811980
10302
714577
9678597
23353614
2573035
23174275
22874219
1468214
39852592
5599364
201323
27997632
2336561
14068082
31850232
106493
14793912
2363169
29886428
20228000
18433206
1194280
9384575
74892
154324
111243
40378966
54749
9685977
8445925
17648188
2442597
2362990
2782928
31731060
2744600
3367474
1464339
237082
8843541
33844486
1568424
26876630
6437284
14609740
42218006
356998
192782
6191718
942719
14592593
431592
14561023
45833
1198521
6965885
17334809
4426993
48434
13409
4314826
3806145
4035447
231279
33590509
13430462
333556
6341514
320757
1250474
316471
72575877
21230641
159905
2874136
3259336