33 B1
0.427000 0.00036798
0.428000 0.00072189
0.429000 0.00205797
0.430000 0.00360595
0.431000 0.00877048
0.432000 0.02224460
0.433000 0.07982337
0.434000 0.23420422
0.435000 0.49647373
0.436000 0.76542354
0.437000 0.93757850
0.438000 0.97632670
0.439000 0.98641855
0.440000 0.99473810
0.441000 0.98839664
0.442000 0.97089148
0.443000 0.96740282
0.444000 0.97595501
0.445000 0.98273933
0.446000 0.98891443
0.447000 1.00000000
0.448000 0.98661834
0.449000 0.87390488
0.450000 0.64063799
0.451000 0.33599678
0.452000 0.13211244
0.453000 0.04911467
0.454000 0.01938601
0.455000 0.00847867
0.456000 0.00360224
0.457000 0.00169454
0.458000 0.00077237
0.459000 0.00036698
