70 B9
1.340000 0.00181957
1.341000 0.00191541
1.342000 0.00201124
1.343000 0.00215505
1.344000 0.00271760
1.345000 0.00331767
1.346000 0.00391773
1.347000 0.00451780
1.348000 0.00511786
1.349000 0.00571792
1.350000 0.00631799
1.351000 0.00691805
1.352000 0.00751811
1.353000 0.00811818
1.354000 0.00871824
1.355000 0.00990706
1.356000 0.01616448
1.357000 0.02451379
1.358000 0.03596721
1.359000 0.06802955
1.360000 0.10012802
1.361000 0.16047798
1.362000 0.25167426
1.363000 0.39358041
1.364000 0.55359846
1.365000 0.70396084
1.366000 0.83498162
1.367000 0.90780383
1.368000 0.93747765
1.369000 0.96537817
1.370000 0.97849137
1.371000 0.98524380
1.372000 0.98843849
1.373000 0.98671889
1.374000 0.98667437
1.375000 0.98694527
1.376000 0.99769294
1.377000 0.99982244
1.378000 1.00000000
1.379000 0.99945843
1.380000 0.99525571
1.381000 0.97109288
1.382000 0.91125011
1.383000 0.77080137
1.384000 0.59587407
1.385000 0.39652625
1.386000 0.24820989
1.387000 0.15064585
1.388000 0.08141971
1.389000 0.04933405
1.390000 0.03113159
1.391000 0.01941472
1.392000 0.01264709
1.393000 0.00828117
1.394000 0.00561062
1.395000 0.00394612
1.396000 0.00277805
1.397000 0.00203723
1.398000 0.00152870
1.399000 0.00111888
1.400000 0.00084564
1.401000 0.00065722
1.402000 0.00052074
1.403000 0.00042036
1.404000 0.00034685
1.405000 0.00027800
1.406000 0.00025316
1.407000 0.00023463
1.408000 0.00021611
1.409000 0.00019758
