319 B7
2.037000 0.00100276
2.038000 0.00104302
2.039000 0.00109992
2.040000 0.00115845
2.041000 0.00122734
2.042000 0.00129681
2.043000 0.00137709
2.044000 0.00145904
2.045000 0.00155670
2.046000 0.00165654
2.047000 0.00177442
2.048000 0.00189230
2.049000 0.00203646
2.050000 0.00218165
2.051000 0.00234517
2.052000 0.00252140
2.053000 0.00272487
2.054000 0.00293431
2.055000 0.00318399
2.056000 0.00343867
2.057000 0.00373486
2.058000 0.00403960
2.059000 0.00440837
2.060000 0.00477775
2.061000 0.00522084
2.062000 0.00566917
2.063000 0.00622531
2.064000 0.00679017
2.065000 0.00749193
2.066000 0.00819369
2.067000 0.00880615
2.068000 0.00943206
2.069000 0.01050554
2.070000 0.01157901
2.071000 0.01266538
2.072000 0.01378047
2.073000 0.01552035
2.074000 0.01726034
2.075000 0.01900202
2.076000 0.02074371
2.077000 0.02340086
2.078000 0.02618283
2.079000 0.02920399
2.080000 0.03229290
2.081000 0.03595484
2.082000 0.03991824
2.083000 0.04499807
2.084000 0.05056739
2.085000 0.05656623
2.086000 0.06276533
2.087000 0.07099935
2.088000 0.07984023
2.089000 0.09018464
2.090000 0.10113110
2.091000 0.11304420
2.092000 0.12531833
2.093000 0.14104207
2.094000 0.15772916
2.095000 0.17846316
2.096000 0.19946745
2.097000 0.22195263
2.098000 0.24493155
2.099000 0.27459398
2.100000 0.30581087
2.101000 0.33765897
2.102000 0.36978662
2.103000 0.40613315
2.104000 0.44347170
2.105000 0.48442909
2.106000 0.52639425
2.107000 0.55868477
2.108000 0.59015769
2.109000 0.62845188
2.110000 0.67081827
2.111000 0.70369262
2.112000 0.73118645
2.113000 0.75615710
2.114000 0.77993470
2.115000 0.80423528
2.116000 0.82853574
2.117000 0.84607869
2.118000 0.86023945
2.119000 0.86919415
2.120000 0.88100129
2.121000 0.89042884
2.122000 0.89982301
2.123000 0.90695715
2.124000 0.91398126
2.125000 0.91721064
2.126000 0.92048544
2.127000 0.92542076
2.128000 0.92985046
2.129000 0.93153703
2.130000 0.93249965
2.131000 0.93463236
2.132000 0.93673027
2.133000 0.93785340
2.134000 0.93894368
2.135000 0.94098628
2.136000 0.94262463
2.137000 0.94227535
2.138000 0.94230330
2.139000 0.94379717
2.140000 0.94515347
2.141000 0.94504112
2.142000 0.94498247
2.143000 0.94592953
2.144000 0.94692481
2.145000 0.94919229
2.146000 0.95145994
2.147000 0.95272231
2.148000 0.95394844
2.149000 0.95358199
2.150000 0.95307189
2.151000 0.95554107
2.152000 0.95797873
2.153000 0.95833826
2.154000 0.95876426
2.155000 0.95979828
2.156000 0.96079904
2.157000 0.96058774
2.158000 0.96037638
2.159000 0.96064055
2.160000 0.96220273
2.161000 0.96401131
2.162000 0.96372789
2.163000 0.96397525
2.164000 0.96447343
2.165000 0.96521795
2.166000 0.96607560
2.167000 0.96696723
2.168000 0.96789074
2.169000 0.96744436
2.170000 0.96549106
2.171000 0.96621031
2.172000 0.96805149
2.173000 0.96899831
2.174000 0.96919876
2.175000 0.96860504
2.176000 0.96753544
2.177000 0.96692026
2.178000 0.96685123
2.179000 0.96803194
2.180000 0.96974194
2.181000 0.97015101
2.182000 0.97056007
2.183000 0.97212642
2.184000 0.97419846
2.185000 0.97452831
2.186000 0.97485834
2.187000 0.97576022
2.188000 0.97692150
2.189000 0.97713840
2.190000 0.97730094
2.191000 0.97741669
2.192000 0.97746247
2.193000 0.97645605
2.194000 0.97545022
2.195000 0.97717029
2.196000 0.97678941
2.197000 0.97663635
2.198000 0.97651941
2.199000 0.97859836
2.200000 0.98067731
2.201000 0.98093402
2.202000 0.98089820
2.203000 0.98004782
2.204000 0.98011398
2.205000 0.97921491
2.206000 0.97878832
2.207000 0.97845000
2.208000 0.97681779
2.209000 0.97705674
2.210000 0.97879267
2.211000 0.97907805
2.212000 0.97804260
2.213000 0.97847897
2.214000 0.97736776
2.215000 0.97698873
2.216000 0.97670597
2.217000 0.97656572
2.218000 0.97742045
2.219000 0.97710729
2.220000 0.97625577
2.221000 0.97609216
2.222000 0.97645754
2.223000 0.97678703
2.224000 0.97713715
2.225000 0.97934949
2.226000 0.97878641
2.227000 0.98002392
2.228000 0.97969437
2.229000 0.97947246
2.230000 0.97958535
2.231000 0.97973728
2.232000 0.98007715
2.233000 0.98041546
2.234000 0.98075229
2.235000 0.98121125
2.236000 0.98180187
2.237000 0.98325735
2.238000 0.98485512
2.239000 0.98458195
2.240000 0.98573095
2.241000 0.98682696
2.242000 0.98753965
2.243000 0.98808074
2.244000 0.98795635
2.245000 0.98880750
2.246000 0.98895812
2.247000 0.98889464
2.248000 0.98786956
2.249000 0.98677874
2.250000 0.98517078
2.251000 0.98377740
2.252000 0.98262060
2.253000 0.98161823
2.254000 0.98062718
2.255000 0.97954774
2.256000 0.97850388
2.257000 0.97752798
2.258000 0.97647250
2.259000 0.97541523
2.260000 0.97554159
2.261000 0.97751099
2.262000 0.98016274
2.263000 0.97513086
2.264000 0.97495383
2.265000 0.97529370
2.266000 0.97618282
2.267000 0.97859925
2.268000 0.97964096
2.269000 0.98076880
2.270000 0.98314285
2.271000 0.98586017
2.272000 0.98965293
2.273000 0.99181819
2.274000 0.99376893
2.275000 0.99618787
2.276000 0.99796325
2.277000 0.99923283
2.278000 1.00000000
2.279000 0.99792081
2.280000 0.99446166
2.281000 0.98581928
2.282000 0.97574705
2.283000 0.96128398
2.284000 0.94335824
2.285000 0.91998041
2.286000 0.89376736
2.287000 0.85915744
2.288000 0.82357550
2.289000 0.78115994
2.290000 0.73678225
2.291000 0.68822551
2.292000 0.63962251
2.293000 0.58982903
2.294000 0.54092199
2.295000 0.49226084
2.296000 0.44587871
2.297000 0.40125731
2.298000 0.35893539
2.299000 0.32148635
2.300000 0.28420323
2.301000 0.25234690
2.302000 0.22554640
2.303000 0.20149876
2.304000 0.17846169
2.305000 0.15846220
2.306000 0.13879961
2.307000 0.12371186
2.308000 0.11006524
2.309000 0.09831959
2.310000 0.08718951
2.311000 0.07798396
2.312000 0.06932278
2.313000 0.06206976
2.314000 0.05512591
2.315000 0.04944164
2.316000 0.04455749
2.317000 0.04006200
2.318000 0.03621278
2.319000 0.03288715
2.320000 0.02948643
2.321000 0.02685629
2.322000 0.02410637
2.323000 0.02195595
2.324000 0.01985220
2.325000 0.01805210
2.326000 0.01628702
2.327000 0.01486861
2.328000 0.01342942
2.329000 0.01233020
2.330000 0.01116003
2.331000 0.01031453
2.332000 0.00964784
2.333000 0.00882719
2.334000 0.00806936
2.335000 0.00738959
2.336000 0.00677839
2.337000 0.00624485
2.338000 0.00571132
2.339000 0.00526846
2.340000 0.00483111
2.341000 0.00446368
2.342000 0.00409824
2.343000 0.00378863
2.344000 0.00348159
2.345000 0.00322292
2.346000 0.00296733
2.347000 0.00275285
2.348000 0.00254073
2.349000 0.00236097
2.350000 0.00218440
2.351000 0.00203332
2.352000 0.00188482
2.353000 0.00175931
2.354000 0.00163477
2.355000 0.00152506
