67 B4
0.625000 0.00052217
0.626000 0.00080255
0.627000 0.00127569
0.628000 0.00211028
0.629000 0.00370259
0.630000 0.00813655
0.631000 0.01448322
0.632000 0.02730471
0.633000 0.06150362
0.634000 0.12960456
0.635000 0.27599216
0.636000 0.50833505
0.637000 0.77823377
0.638000 0.93229699
0.639000 0.96630949
0.640000 0.98264039
0.641000 0.98610568
0.642000 0.98616272
0.643000 0.98130625
0.644000 0.97365528
0.645000 0.96917254
0.646000 0.97131443
0.647000 0.98079836
0.648000 0.99271876
0.649000 1.00000000
0.650000 0.99686712
0.651000 0.98542011
0.652000 0.97099334
0.653000 0.96106452
0.654000 0.96065092
0.655000 0.96868747
0.656000 0.98070163
0.657000 0.98551208
0.658000 0.98893887
0.659000 0.98082989
0.660000 0.96791947
0.661000 0.96308017
0.662000 0.96328390
0.663000 0.97127014
0.664000 0.98161477
0.665000 0.98756588
0.666000 0.98632258
0.667000 0.98053038
0.668000 0.97985530
0.669000 0.98061383
0.670000 0.96493137
0.671000 0.85955077
0.672000 0.66807359
0.673000 0.41698042
0.674000 0.21568851
0.675000 0.10535625
0.676000 0.05208358
0.677000 0.02525648
0.678000 0.01293051
0.679000 0.00670020
0.680000 0.00366779
0.681000 0.00210889
0.682000 0.00125278
0.683000 0.00098495
0.684000 0.00070233
0.685000 0.00054765
0.686000 0.00040268
0.687000 0.00034113
0.688000 0.00027893
0.689000 0.00026856
0.690000 0.00016362
0.691000 0.00013298
