183 B6
1.515000 0.00102868
1.516000 0.00111525
1.517000 0.00121016
1.518000 0.00131860
1.519000 0.00144451
1.520000 0.00158035
1.521000 0.00173374
1.522000 0.00192254
1.523000 0.00212096
1.524000 0.00232666
1.525000 0.00257729
1.526000 0.00287014
1.527000 0.00318403
1.528000 0.00355008
1.529000 0.00395633
1.530000 0.00441957
1.531000 0.00496607
1.532000 0.00552726
1.533000 0.00624686
1.534000 0.00699085
1.535000 0.00791399
1.536000 0.00878794
1.537000 0.00957720
1.538000 0.01062994
1.539000 0.01208038
1.540000 0.01363731
1.541000 0.01564604
1.542000 0.01773277
1.543000 0.02050976
1.544000 0.02335322
1.545000 0.02701552
1.546000 0.03067782
1.547000 0.03585456
1.548000 0.04147628
1.549000 0.04862727
1.550000 0.05693988
1.551000 0.06655690
1.552000 0.07723074
1.553000 0.08889236
1.554000 0.10460974
1.555000 0.12268095
1.556000 0.14252850
1.557000 0.16716501
1.558000 0.19407988
1.559000 0.22691402
1.560000 0.26105624
1.561000 0.30004618
1.562000 0.33936566
1.563000 0.38840884
1.564000 0.43883842
1.565000 0.49500111
1.566000 0.54953849
1.567000 0.60172623
1.568000 0.65151227
1.569000 0.69925785
1.570000 0.74280465
1.571000 0.78431123
1.572000 0.81647187
1.573000 0.84765720
1.574000 0.86943054
1.575000 0.88958013
1.576000 0.90365207
1.577000 0.91621089
1.578000 0.92594534
1.579000 0.93301046
1.580000 0.93747759
1.581000 0.94050515
1.582000 0.94241244
1.583000 0.94408292
1.584000 0.94547117
1.585000 0.94619197
1.586000 0.94624329
1.587000 0.94625497
1.588000 0.94622612
1.589000 0.94606429
1.590000 0.94574815
1.591000 0.94553393
1.592000 0.94558442
1.593000 0.94582468
1.594000 0.94627059
1.595000 0.94634467
1.596000 0.94768435
1.597000 0.94801325
1.598000 0.94907510
1.599000 0.95058209
1.600000 0.95202774
1.601000 0.95230240
1.602000 0.95366448
1.603000 0.95503706
1.604000 0.95348102
1.605000 0.95565885
1.606000 0.95655489
1.607000 0.95715940
1.608000 0.95751184
1.609000 0.95777732
1.610000 0.95878011
1.611000 0.96029568
1.612000 0.96157014
1.613000 0.96228975
1.614000 0.96300948
1.615000 0.96425939
1.616000 0.96561593
1.617000 0.96700233
1.618000 0.96843988
1.619000 0.96985030
1.620000 0.97095174
1.621000 0.97284758
1.622000 0.97459286
1.623000 0.97610509
1.624000 0.97767121
1.625000 0.97953802
1.626000 0.98140436
1.627000 0.98274249
1.628000 0.98509848
1.629000 0.98681152
1.630000 0.98781842
1.631000 0.99100113
1.632000 0.99333715
1.633000 0.99528229
1.634000 0.99711514
1.635000 0.99855757
1.636000 1.00000000
1.637000 0.99876851
1.638000 0.99723363
1.639000 0.99243480
1.640000 0.98559129
1.641000 0.97646844
1.642000 0.96127671
1.643000 0.93863082
1.644000 0.90128821
1.645000 0.86149269
1.646000 0.81432277
1.647000 0.76036841
1.648000 0.70382959
1.649000 0.64186883
1.650000 0.57829380
1.651000 0.51123220
1.652000 0.45091432
1.653000 0.39109415
1.654000 0.33723828
1.655000 0.28662252
1.656000 0.24553978
1.657000 0.20748182
1.658000 0.17609432
1.659000 0.14815453
1.660000 0.12629366
1.661000 0.10593576
1.662000 0.08847605
1.663000 0.07402261
1.664000 0.06265628
1.665000 0.05266043
1.666000 0.04443575
1.667000 0.03732267
1.668000 0.03176107
1.669000 0.02672855
1.670000 0.02271426
1.671000 0.01926102
1.672000 0.01647112
1.673000 0.01399191
1.674000 0.01196509
1.675000 0.01046654
1.676000 0.00944234
1.677000 0.00835179
1.678000 0.00720314
1.679000 0.00619173
1.680000 0.00537047
1.681000 0.00465052
1.682000 0.00405339
1.683000 0.00352550
1.684000 0.00308368
1.685000 0.00269277
1.686000 0.00236559
1.687000 0.00207236
1.688000 0.00182825
1.689000 0.00160853
1.690000 0.00142007
1.691000 0.00126631
1.692000 0.00112938
1.693000 0.00100486
1.694000 0.00090314
1.695000 0.00080678
1.696000 0.00073146
1.697000 0.00065905
