95 B2
0.436000 0.00006410
0.437000 0.00008790
0.438000 0.00012288
0.439000 0.00017756
0.440000 0.00026465
0.441000 0.00040609
0.442000 0.00064757
0.443000 0.00106270
0.444000 0.00180834
0.445000 0.00423224
0.446000 0.00733809
0.447000 0.01320650
0.448000 0.02738087
0.449000 0.06140049
0.450000 0.12810045
0.451000 0.28426054
0.452000 0.52622634
0.453000 0.75461823
0.454000 0.85015893
0.455000 0.87050748
0.456000 0.87301528
0.457000 0.87386012
0.458000 0.87411314
0.459000 0.87535989
0.460000 0.87936622
0.461000 0.88182181
0.462000 0.88110375
0.463000 0.88239449
0.464000 0.88807994
0.465000 0.89365971
0.466000 0.89804703
0.467000 0.90057266
0.468000 0.89131784
0.469000 0.86657351
0.470000 0.83584350
0.471000 0.81551754
0.472000 0.81772810
0.473000 0.83361632
0.474000 0.85324347
0.475000 0.86751264
0.476000 0.87968469
0.477000 0.88640910
0.478000 0.89245307
0.479000 0.90207016
0.480000 0.91684681
0.481000 0.93018711
0.482000 0.93724215
0.483000 0.94008964
0.484000 0.94266725
0.485000 0.94259858
0.486000 0.94212455
0.487000 0.94310826
0.488000 0.94514865
0.489000 0.94699287
0.490000 0.94705468
0.491000 0.94369674
0.492000 0.92798311
0.493000 0.90826762
0.494000 0.89631408
0.495000 0.90117168
0.496000 0.92790043
0.497000 0.95433879
0.498000 0.95914739
0.499000 0.94807255
0.500000 0.95188999
0.501000 0.96618539
0.502000 0.98983949
0.503000 1.00000000
0.504000 0.98322678
0.505000 0.95298815
0.506000 0.92356867
0.507000 0.91930556
0.508000 0.94349515
0.509000 0.95687258
0.510000 0.92322963
0.511000 0.79937828
0.512000 0.41356644
0.513000 0.11275553
0.514000 0.03274055
0.515000 0.01292293
0.516000 0.00580021
0.517000 0.00378357
0.518000 0.00263001
0.519000 0.00204936
0.520000 0.00160220
0.521000 0.00113626
0.522000 0.00072538
0.523000 0.00045327
0.524000 0.00030357
0.525000 0.00022787
0.526000 0.00019309
0.527000 0.00018524
0.528000 0.00019598
0.529000 0.00021502
0.530000 0.00022982
