72 B5
0.829000 0.00045004
0.830000 0.00047554
0.831000 0.00059240
0.832000 0.00071486
0.833000 0.00083731
0.834000 0.00095976
0.835000 0.00108221
0.836000 0.00124527
0.837000 0.00159663
0.838000 0.00209522
0.839000 0.00282196
0.840000 0.00389035
0.841000 0.00557772
0.842000 0.00840453
0.843000 0.01219970
0.844000 0.01910023
0.845000 0.03112408
0.846000 0.05186280
0.847000 0.09260266
0.848000 0.15726930
0.849000 0.27197644
0.850000 0.44460031
0.851000 0.64932525
0.852000 0.83474088
0.853000 0.94093359
0.854000 0.98152208
0.855000 0.99064982
0.856000 0.98923784
0.857000 0.98816001
0.858000 0.98943096
0.859000 0.99220061
0.860000 0.99498791
0.861000 0.99694198
0.862000 0.99800861
0.863000 0.99821723
0.864000 0.99814546
0.865000 0.99809587
0.866000 0.99818242
0.867000 0.99900395
0.868000 0.99929279
0.869000 0.99940193
0.870000 0.99973387
0.871000 0.99981850
0.872000 1.00000000
0.873000 0.99999130
0.874000 0.99643683
0.875000 0.97451699
0.876000 0.92971420
0.877000 0.83448619
0.878000 0.68116772
0.879000 0.49675167
0.880000 0.31920305
0.881000 0.19073001
0.882000 0.11139899
0.883000 0.06462797
0.884000 0.03681539
0.885000 0.02192838
0.886000 0.01321336
0.887000 0.00764328
0.888000 0.00490463
0.889000 0.00311586
0.890000 0.00199918
0.891000 0.00132245
0.892000 0.00088339
0.893000 0.00059439
0.894000 0.00041175
0.895000 0.00032689
0.896000 0.00026968
0.897000 0.00021248
0.898000 0.00015527
0.899000 0.00009807
0.900000 0.00007605
