41 B11
11.00 0.0001
11.05 0.0002
11.10 0.0003
11.15 0.0006
11.20 0.0014
11.25 0.0039
11.30 0.0126
11.35 0.0345
11.40 0.0812
11.45 0.1575
11.50 0.2575
11.55 0.4045
11.60 0.5770
11.65 0.7308
11.70 0.8392
11.75 0.8941
11.80 0.9228
11.85 0.9575
11.90 0.9811
11.95 0.9976
12.00 1.0000
12.05 0.9806
12.10 0.9545
12.15 0.9124
12.20 0.8495
12.25 0.8002
12.30 0.7579
12.35 0.7343
12.40 0.7127
12.45 0.6353
12.50 0.4878
12.55 0.3086
12.60 0.1746
12.65 0.0939
12.70 0.0475
12.75 0.0256
12.80 0.0147
12.85 0.0072
12.90 0.0027
12.95 0.0010
13.00 0.0004
