99 B3
0.512000 0.00032837
0.513000 0.00040286
0.514000 0.00048890
0.515000 0.00058934
0.516000 0.00071741
0.517000 0.00087833
0.518000 0.00109091
0.519000 0.00138202
0.520000 0.00179561
0.521000 0.00317370
0.522000 0.00431490
0.523000 0.00613501
0.524000 0.00918434
0.525000 0.01332811
0.526000 0.02006346
0.527000 0.03120767
0.528000 0.04959156
0.529000 0.08392090
0.530000 0.14227405
0.531000 0.23764506
0.532000 0.38256499
0.533000 0.52805549
0.534000 0.72555327
0.535000 0.86100316
0.536000 0.91004026
0.537000 0.95141500
0.538000 0.96025926
0.539000 0.96094787
0.540000 0.95796889
0.541000 0.95961404
0.542000 0.96103942
0.543000 0.96782357
0.544000 0.96747810
0.545000 0.97103971
0.546000 0.97596765
0.547000 0.96995008
0.548000 0.96583647
0.549000 0.96272808
0.550000 0.97035348
0.551000 0.97657537
0.552000 0.98478532
0.553000 0.99224180
0.554000 0.99788576
0.555000 0.99755067
0.556000 0.99513662
0.557000 0.99290431
0.558000 0.99221069
0.559000 0.99147564
0.560000 0.99039567
0.561000 0.98744887
0.562000 0.98513204
0.563000 0.98482645
0.564000 0.98690718
0.565000 0.99114877
0.566000 0.99476624
0.567000 0.99384189
0.568000 0.99101716
0.569000 0.98722148
0.570000 0.98374510
0.571000 0.98348320
0.572000 0.98670214
0.573000 0.99195403
0.574000 0.99630570
0.575000 0.99934655
0.576000 1.00000000
0.577000 0.99947429
0.578000 0.99812734
0.579000 0.99595124
0.580000 0.98932058
0.581000 0.97415423
0.582000 0.94924110
0.583000 0.93502551
0.584000 0.92853642
0.585000 0.93185908
0.586000 0.92724669
0.587000 0.86449587
0.588000 0.71098262
0.589000 0.51626664
0.590000 0.34508252
0.591000 0.21616927
0.592000 0.12075645
0.593000 0.05834393
0.594000 0.02694630
0.595000 0.01243138
0.596000 0.00607649
0.597000 0.00376825
0.598000 0.00202133
0.599000 0.00115144
0.600000 0.00069334
0.601000 0.00044097
0.602000 0.00029608
0.603000 0.00021146
0.604000 0.00015990
0.605000 0.00012726
0.606000 0.00010823
0.607000 0.00009787
0.608000 0.00009540
0.609000 0.00010035
0.610000 0.00011262
