205 B8
0.488000 0.00055981
0.489000 0.00071401
0.490000 0.00094114
0.491000 0.00127548
0.492000 0.00279056
0.493000 0.00389131
0.494000 0.00561835
0.495000 0.00819427
0.496000 0.01260893
0.497000 0.02082734
0.498000 0.03512893
0.499000 0.06172826
0.500000 0.11756328
0.501000 0.20695142
0.502000 0.35047555
0.503000 0.51840705
0.504000 0.64683080
0.505000 0.71721101
0.506000 0.73891264
0.507000 0.73804098
0.508000 0.73227501
0.509000 0.73230338
0.510000 0.73795259
0.511000 0.74557811
0.512000 0.74958354
0.513000 0.75100011
0.514000 0.74569660
0.515000 0.73948652
0.516000 0.73433906
0.517000 0.73298591
0.518000 0.73755181
0.519000 0.74583215
0.520000 0.75320041
0.521000 0.75733781
0.522000 0.75563645
0.523000 0.75066346
0.524000 0.74712878
0.525000 0.74614233
0.526000 0.75046557
0.527000 0.75727600
0.528000 0.76255763
0.529000 0.76933599
0.530000 0.76426119
0.531000 0.76089823
0.532000 0.75593781
0.533000 0.74580657
0.534000 0.73709416
0.535000 0.75071329
0.536000 0.74780136
0.537000 0.76249135
0.538000 0.76414043
0.539000 0.75922489
0.540000 0.74998683
0.541000 0.74630529
0.542000 0.74671257
0.543000 0.75543088
0.544000 0.75887173
0.545000 0.76089638
0.546000 0.75690150
0.547000 0.74005193
0.548000 0.72667593
0.549000 0.71939510
0.550000 0.72856003
0.551000 0.74397302
0.552000 0.76320368
0.553000 0.78191006
0.554000 0.79408318
0.555000 0.79531306
0.556000 0.79247105
0.557000 0.78975105
0.558000 0.79136306
0.559000 0.79676938
0.560000 0.80500394
0.561000 0.81197274
0.562000 0.81878418
0.563000 0.82147866
0.564000 0.81793523
0.565000 0.80917293
0.566000 0.79949307
0.567000 0.79439282
0.568000 0.79288369
0.569000 0.80010444
0.570000 0.80942148
0.571000 0.81826901
0.572000 0.82481748
0.573000 0.82645559
0.574000 0.82283205
0.575000 0.81772399
0.576000 0.81348199
0.577000 0.81432569
0.578000 0.81980091
0.579000 0.82896656
0.580000 0.83787513
0.581000 0.84118545
0.582000 0.83640194
0.583000 0.82991207
0.584000 0.82210898
0.585000 0.81671482
0.586000 0.81798512
0.587000 0.82558936
0.588000 0.83700550
0.589000 0.84746104
0.590000 0.85366464
0.591000 0.85506940
0.592000 0.85333455
0.593000 0.85258639
0.594000 0.85494232
0.595000 0.86125129
0.596000 0.87052053
0.597000 0.87891728
0.598000 0.88350940
0.599000 0.88422352
0.600000 0.88042760
0.601000 0.87636942
0.602000 0.87454921
0.603000 0.87427628
0.604000 0.87942135
0.605000 0.88424522
0.606000 0.88828981
0.607000 0.89149511
0.608000 0.88984776
0.609000 0.88692278
0.610000 0.88409555
0.611000 0.88447440
0.612000 0.88792205
0.613000 0.89509708
0.614000 0.90393478
0.615000 0.91256452
0.616000 0.91933519
0.617000 0.92318392
0.618000 0.92334908
0.619000 0.92322367
0.620000 0.92271727
0.621000 0.92207175
0.622000 0.92361712
0.623000 0.92525572
0.624000 0.92876470
0.625000 0.93246269
0.626000 0.93536609
0.627000 0.93693691
0.628000 0.93770206
0.629000 0.93660849
0.630000 0.93482065
0.631000 0.93340796
0.632000 0.93537968
0.633000 0.93697798
0.634000 0.94104928
0.635000 0.94614661
0.636000 0.95185488
0.637000 0.95627266
0.638000 0.95843077
0.639000 0.95736688
0.640000 0.95565981
0.641000 0.95283598
0.642000 0.95041174
0.643000 0.94886798
0.644000 0.94887251
0.645000 0.95064622
0.646000 0.95328224
0.647000 0.95691651
0.648000 0.96104670
0.649000 0.96566254
0.650000 0.96974039
0.651000 0.97312099
0.652000 0.97521871
0.653000 0.97489649
0.654000 0.97233200
0.655000 0.96867853
0.656000 0.96464068
0.657000 0.96061975
0.658000 0.96397477
0.659000 0.96756929
0.660000 0.97273779
0.661000 0.98216408
0.662000 0.98695320
0.663000 0.98877376
0.664000 0.98864222
0.665000 0.98769355
0.666000 0.98701572
0.667000 0.98726958
0.668000 0.99141115
0.669000 0.99577439
0.670000 1.00000000
0.671000 0.99740297
0.672000 0.98136055
0.673000 0.92713571
0.674000 0.79344761
0.675000 0.59374100
0.676000 0.38244858
0.677000 0.22371659
0.678000 0.13053322
0.679000 0.07709492
0.680000 0.04784917
0.681000 0.03124457
0.682000 0.02128481
0.683000 0.01692485
0.684000 0.01253418
0.685000 0.00931615
0.686000 0.00690109
0.687000 0.00516988
0.688000 0.00380522
0.689000 0.00285749
0.690000 0.00203169
0.691000 0.00146685
0.692000 0.00104939
