41 B10
9.80 0.0001
9.85 0.0001
9.90 0.0001
9.95 0.0001
10.00 0.0002
10.05 0.0005
10.10 0.0014
10.15 0.0038
10.20 0.0090
10.25 0.0224
10.30 0.0610
10.35 0.1571
10.40 0.3183
10.45 0.4923
10.50 0.6320
10.55 0.7223
10.60 0.7844
10.65 0.8207
10.70 0.8370
10.75 0.8476
10.80 0.8590
10.85 0.8820
10.90 0.9189
10.95 0.9583
11.00 0.9960
11.05 1.0000
11.10 0.9289
11.15 0.7501
11.20 0.4954
11.25 0.2698
11.30 0.1282
11.35 0.0589
11.40 0.0266
11.45 0.0126
11.50 0.0063
11.55 0.0033
11.60 0.0016
11.65 0.0008
11.70 0.0004
11.75 0.0002
11.80 0.0001
